0;0,701,10000,60;@
2;4500,204,300,500;end.png
0;800,510,100,200;statue.png
0;0,610,100,100;barrel.png
0;0,510,100,100;barrel.png
0;0,410,100,100;barrel.png
0;0,310,100,100;barrel.png
0;700,610,100,100;barrel.png
0;1700,610,100,100;barrel.png
0;1900,610,100,100;barrel.png
0;1750,610,100,100;barrel.png
0;1850,610,100,100;barrel.png
0;1800,610,100,100;barrel.png
0;1750,510,100,100;barrel.png
0;1850,510,100,100;barrel.png
0;1800,510,100,100;barrel.png
0;2500,610,100,100;barrel.png
0;2600,610,100,100;barrel.png
0;2550,610,100,100;barrel.png
0;2700,510,100,200;statue.png
0;2900,330,100,100;barrel.png
0;3200,330,100,100;barrel.png
0;3300,330,100,100;barrel.png
0;3400,330,100,100;barrel.png
